50127572
50123939
50081150
50123722
50127434
50117042
50120265
50118833
50116558
50116246
50117065
50118096
50118715
50110996
50113650
50113841
50086162
50102929
50103874
50090303
50109243
50102209
50089544
50095529
50096180
50096790
50097680
50097319
50098631
50098628
50098939
50101361
50101537
50102728
50094251
50087456
50090106
50078954
50074601
50086948
50081940
50083102
50082655
50077035
50082579
50079305
50082169
50083239
50077777
50074005
50062789
50074802
50071455
50075041
50075395
50068519
50066932
50060883
50059411
50048766
50047513
50048876
50044370
50056246
50057760
50051625
50048715
50044466
50049231
50047478
49887580
50040543
50040608
50043141
50043582
50039261
50039871
50040443
49959949
50040712
50035172
50035636
50035482
50028179
50029639
50029936
50033565
50030324
50030648
50033383
50013922
50021596
50026395
50026463
49899640
50018284
50018133
50017204
50019011
50019855
50019773
50020833
50018744
49945660
50017080
50008125
50015606
50015619
50001761
50012588
50004688
50002380
50005641
50002419
49997722
50000324
49999979
50001619
49991449
49995806
49995332
49991649
49957255
49989169
49975864
49986503
49986515
49986523
49988149
49982948
49983533
49966342
49973305
49971911
49975405
49968324
49973112
49973499
49974164
49958600
49935748
49967935
49967531
49965992
49963286
49958984
49957159
49957296
49957847
49957999
49954942
49953535
49947394
49890821
49949187
49950457
49946665
49949586
49946169
49946533
49946587
49946593
49946701
49946720
49946838
49947027
49947107
49947221
49940572
49941667
49935316
49926165
49936577
49937026
49933964
49928921
49885617
49925610
49927560
49930105
49925461
49926837
49892433
49927751
49928452
49919714
49924270
49920092
49908299
49917007
49916989
49917517
49916443
49911615
49911922
49916053
49913729
49908448
49908528
49911443